erro! 1 100 18 48
erro! 1 100 18 48
erro! 1 100 18 48
erro! 1 100 85 46
erro! 1 100 18 48
erro! 1 100 46 91
1 100 0 451175
erro! 1 100 85 46
erro! 1 100 18 48
erro! 1 100 46 91
1 100 0 23535.3
erro! 1 200 99 66
1 200 0 89917.9
erro! 1 400 9 267
erro! 1 400 147 76
1 400 0 162609
erro! 1 800 336 417
erro! 1 800 348 586
1 800 0 392485
erro! 1 1600 661 25
erro! 1 1600 976 101
erro! 1 1600 859 1249
1 1600 0 300780
erro! 1 3200 1822 1049
erro! 1 3200 1938 2462
erro! 1 3200 3190 2257
1 3200 0 1.05083e+06
erro! 1 100 18 48
erro! 1 100 18 48
erro! 1 100 18 48
erro! 1 100 18 48
erro! 1 100 18 48
erro! 1 100 18 48
erro! 1 100 18 48
erro! 1 100 18 48
erro! 1 100 18 48
erro! 1 100 18 48
erro! 1 100 18 48
erro! 1 100 18 48
erro! 1 100 18 48
erro! 1 100 18 48
erro! 1 100 18 48
erro! 1 100 18 48
erro! 1 100 18 48
erro! 1 100 18 48
erro! 1 100 18 48
erro! 1 100 18 48
erro! 1 100 18 48
erro! 1 100 18 48
erro! 1 100 18 48
erro! 1 100 18 48
erro! 1 100 18 48
erro! 1 100 18 48
erro! 1 100 18 48
erro! 1 100 18 48
erro! 1 100 18 48
erro! 1 100 18 48
erro! 1 100 18 48
erro! 1 100 18 48
erro! 1 100 18 48
erro! 1 100 18 48
erro! 1 100 18 48
erro! 1 100 18 48
erro! 1 100 18 48
erro! 1 100 18 48
erro! 1 100 18 48
erro! 1 100 18 48
erro! 1 100 18 48
erro! 1 100 18 48
erro! 1 100 18 48
erro! 1 100 18 48
erro! 1 100 18 48
erro! 1 100 18 48
erro! 1 100 18 48
erro! 1 100 18 48
erro! 1 100 18 48
erro! 1 100 18 48
erro! 1 100 18 48
erro! 1 100 18 48
erro! 1 100 18 48
erro! 1 100 18 48
erro! 1 100 18 48
erro! 1 100 18 48
erro! 1 100 18 48
erro! 1 100 18 48
erro! 1 100 18 48
erro! 1 100 18 48
erro! 1 100 35 33
erro! 1 100 35 33
erro! 1 100 35 33
erro! 1 100 35 33
erro! 1 100 35 33
erro! 1 100 35 33
erro! 1 100 35 33
erro! 1 100 35 33
erro! 1 100 35 33
erro! 1 100 35 33
erro! 1 100 18 48
erro! 1 100 18 48
erro! 1 100 18 48
erro! 1 100 18 48
erro! 1 100 18 48
erro! 1 100 18 48
erro! 1 100 18 48
erro! 1 100 18 48
erro! 1 100 18 48
erro! 1 100 18 48
erro! 1 100 18 48
erro! 1 100 18 48
erro! 1 100 18 48
erro! 1 100 18 48
erro! 1 100 18 48
erro! 1 100 18 48
erro! 1 100 18 48
erro! 1 100 18 48
erro! 1 100 18 48
erro! 1 100 18 48
erro! 1 100 18 48
erro! 1 100 18 48
erro! 1 100 18 48
erro! 1 100 18 48
erro! 1 100 18 48
erro! 1 100 18 48
erro! 1 100 18 48
erro! 1 100 18 48
erro! 1 100 18 48
erro! 1 100 18 48
erro! 1 100 18 48
erro! 1 100 18 48
erro! 1 100 18 48
erro! 1 100 18 8
erro! 1 100 8 18
erro! 1 100 0 18
erro! 1 100 0 18
erro! 1 100 0 18
erro! 1 100 0 18
erro! 1 100 30 18
erro! 1 100 30 18
erro! 1 100 30 18
erro! 1 100 30 18
erro! 1 100 30 18
erro! 1 100 30 18
erro! 1 100 30 18
erro! 1 100 30 18
erro! 1 100 30 18
erro! 1 100 30 18
